21.32524669
-157.9431852
0
0.8
21.32524669
-157.9431852
0
0.8
21.32524669
-157.9431852
0
0.8
21.32524669
-157.9431852
0
0.8
21.32524669
-157.9431852
0
0.8
21.32524669
-157.9431852
0
0.8
21.32524669
-157.9431852
0
0.8
21.32524669
-157.9431852
0
0.8
21.32524669
-157.9431852
0
0.8
21.32524669
-157.9431852
0
0.8
21.32524669
-157.9431852
0
0.8
21.32524669
-157.9431852
0
0.8
21.32524669
-157.9431852
0
0.8
21.32524669
-157.9431852
0
0.8
21.32524669
-157.9431852
0
0.8
21.32524669
-157.9431852
0
0.8
21.32524669
-157.9431852
0
0.8
21.32524669
-157.9431852
0
0.8
21.32524669
-157.9431852
0
0.8
21.32524669
-157.9431852
0
0.8

